/*--------------------------------*- C++ -*----------------------------------*\
| =========                 |                                                 |
| \\      /  F ield         | OpenFOAM: The Open Source CFD Toolbox           |
|  \\    /   O peration     | Version:  v1706                                 |
|   \\  /    A nd           | Web:      www.OpenFOAM.com                      |
|    \\/     M anipulation  |                                                 |
\*---------------------------------------------------------------------------*/
FoamFile
{
    version     2.0;
    format      ascii;
    class       volScalarField;
    location    "0.4";
    object      p;
}
// * * * * * * * * * * * * * * * * * * * * * * * * * * * * * * * * * * * * * //

dimensions      [0 2 -2 0 0 0 0];


internalField   nonuniform List<scalar> 
400
(
98.7919
93.7256
88.6593
83.593
78.5268
73.4605
68.3943
63.3281
58.2619
53.1956
48.1294
43.0632
37.997
32.9307
27.8644
22.7981
17.7319
12.6656
7.59937
2.53316
98.7919
93.7256
88.6593
83.593
78.5268
73.4605
68.3943
63.3281
58.2619
53.1956
48.1294
43.0632
37.997
32.9307
27.8644
22.7981
17.7319
12.6656
7.59937
2.53316
98.7919
93.7256
88.6593
83.593
78.5268
73.4605
68.3943
63.3281
58.2619
53.1956
48.1294
43.0632
37.997
32.9307
27.8644
22.7981
17.7319
12.6656
7.59937
2.53316
98.7919
93.7256
88.6593
83.593
78.5268
73.4605
68.3943
63.3281
58.2619
53.1956
48.1294
43.0632
37.997
32.9307
27.8644
22.7981
17.7319
12.6656
7.59937
2.53316
98.7919
93.7256
88.6593
83.593
78.5268
73.4605
68.3943
63.3281
58.2619
53.1956
48.1294
43.0632
37.997
32.9307
27.8644
22.7981
17.7319
12.6656
7.59937
2.53316
98.7919
93.7256
88.6593
83.593
78.5268
73.4605
68.3943
63.3281
58.2619
53.1956
48.1294
43.0632
37.997
32.9307
27.8644
22.7981
17.7319
12.6656
7.59937
2.53316
98.7919
93.7256
88.6593
83.593
78.5268
73.4605
68.3943
63.3281
58.2619
53.1956
48.1294
43.0632
37.997
32.9307
27.8644
22.7981
17.7319
12.6656
7.59937
2.53316
98.7919
93.7256
88.6593
83.593
78.5268
73.4605
68.3943
63.3281
58.2619
53.1956
48.1294
43.0632
37.997
32.9307
27.8644
22.7981
17.7319
12.6656
7.59937
2.53316
98.7919
93.7256
88.6593
83.593
78.5268
73.4605
68.3943
63.3281
58.2619
53.1956
48.1294
43.0632
37.997
32.9307
27.8644
22.7981
17.7319
12.6656
7.59937
2.53316
98.7919
93.7256
88.6593
83.593
78.5268
73.4605
68.3943
63.3281
58.2619
53.1956
48.1294
43.0632
37.997
32.9307
27.8644
22.7981
17.7319
12.6656
7.59937
2.53316
98.7919
93.7256
88.6593
83.593
78.5268
73.4605
68.3943
63.3281
58.2619
53.1956
48.1294
43.0632
37.997
32.9307
27.8644
22.7981
17.7319
12.6656
7.59937
2.53316
98.7919
93.7256
88.6593
83.593
78.5268
73.4605
68.3943
63.3281
58.2619
53.1956
48.1294
43.0632
37.997
32.9307
27.8644
22.7981
17.7319
12.6656
7.59937
2.53316
98.7919
93.7256
88.6593
83.593
78.5268
73.4605
68.3943
63.3281
58.2619
53.1956
48.1294
43.0632
37.997
32.9307
27.8644
22.7981
17.7319
12.6656
7.59937
2.53316
98.7919
93.7256
88.6593
83.593
78.5268
73.4605
68.3943
63.3281
58.2619
53.1956
48.1294
43.0632
37.997
32.9307
27.8644
22.7981
17.7319
12.6656
7.59937
2.53316
98.7919
93.7256
88.6593
83.593
78.5268
73.4605
68.3943
63.3281
58.2619
53.1956
48.1294
43.0632
37.997
32.9307
27.8644
22.7981
17.7319
12.6656
7.59937
2.53316
98.7919
93.7256
88.6593
83.593
78.5268
73.4605
68.3943
63.3281
58.2619
53.1956
48.1294
43.0632
37.997
32.9307
27.8644
22.7981
17.7319
12.6656
7.59937
2.53316
98.7919
93.7256
88.6593
83.593
78.5268
73.4605
68.3943
63.3281
58.2619
53.1956
48.1294
43.0632
37.997
32.9307
27.8644
22.7981
17.7319
12.6656
7.59937
2.53316
98.7919
93.7256
88.6593
83.593
78.5268
73.4605
68.3943
63.3281
58.2619
53.1956
48.1294
43.0632
37.997
32.9307
27.8644
22.7981
17.7319
12.6656
7.59937
2.53316
98.7919
93.7256
88.6593
83.593
78.5268
73.4605
68.3943
63.3281
58.2619
53.1956
48.1294
43.0632
37.997
32.9307
27.8644
22.7981
17.7319
12.6656
7.59937
2.53316
98.7919
93.7256
88.6593
83.593
78.5268
73.4605
68.3943
63.3281
58.2619
53.1956
48.1294
43.0632
37.997
32.9307
27.8644
22.7981
17.7319
12.6656
7.59937
2.53316
)
;

boundaryField
{
    top
    {
        type            zeroGradient;
    }
    bottom
    {
        type            zeroGradient;
    }
    inlet
    {
        type            fixedValue;
        value           uniform 101.325;
    }
    outlet
    {
        type            fixedValue;
        value           uniform 0;
    }
    frontAndBack
    {
        type            empty;
    }
}


// ************************************************************************* //
