/*--------------------------------*- C++ -*----------------------------------*\
| =========                 |                                                 |
| \\      /  F ield         | OpenFOAM: The Open Source CFD Toolbox           |
|  \\    /   O peration     | Version:  v1706                                 |
|   \\  /    A nd           | Web:      www.OpenFOAM.com                      |
|    \\/     M anipulation  |                                                 |
\*---------------------------------------------------------------------------*/
FoamFile
{
    version     2.0;
    format      ascii;
    class       volScalarField;
    location    "0.6";
    object      p;
}
// * * * * * * * * * * * * * * * * * * * * * * * * * * * * * * * * * * * * * //

dimensions      [0 2 -2 0 0 0 0];


internalField   nonuniform List<scalar> 
400
(
98.7915
93.7254
88.6594
83.593
78.5269
73.4606
68.3944
63.3281
58.2619
53.1956
48.1294
43.0631
37.9969
32.9307
27.8645
22.7982
17.732
12.6657
7.59931
2.53325
98.7915
93.7254
88.6594
83.593
78.5269
73.4606
68.3944
63.3281
58.2619
53.1956
48.1294
43.0631
37.9969
32.9307
27.8645
22.7982
17.732
12.6657
7.59931
2.53325
98.7915
93.7254
88.6594
83.593
78.5269
73.4606
68.3944
63.3281
58.2619
53.1956
48.1294
43.0631
37.9969
32.9307
27.8645
22.7982
17.732
12.6657
7.59931
2.53325
98.7915
93.7254
88.6594
83.593
78.5269
73.4606
68.3944
63.3281
58.2619
53.1956
48.1294
43.0631
37.9969
32.9307
27.8645
22.7982
17.732
12.6657
7.59931
2.53325
98.7915
93.7254
88.6594
83.593
78.5269
73.4606
68.3944
63.3281
58.2619
53.1956
48.1294
43.0631
37.9969
32.9307
27.8645
22.7982
17.732
12.6657
7.59931
2.53325
98.7915
93.7254
88.6594
83.593
78.5269
73.4606
68.3944
63.3281
58.2619
53.1956
48.1294
43.0631
37.9969
32.9307
27.8645
22.7982
17.732
12.6657
7.59931
2.53326
98.7915
93.7254
88.6594
83.593
78.5269
73.4606
68.3944
63.3281
58.2619
53.1956
48.1294
43.0631
37.9969
32.9307
27.8645
22.7982
17.732
12.6657
7.59931
2.53326
98.7915
93.7254
88.6594
83.593
78.5269
73.4606
68.3944
63.3281
58.2619
53.1956
48.1294
43.0631
37.9969
32.9307
27.8645
22.7982
17.732
12.6657
7.59931
2.53326
98.7915
93.7254
88.6594
83.593
78.5269
73.4606
68.3944
63.3281
58.2619
53.1956
48.1294
43.0631
37.9969
32.9307
27.8645
22.7982
17.732
12.6657
7.59931
2.53326
98.7915
93.7254
88.6594
83.593
78.5269
73.4606
68.3944
63.3281
58.2619
53.1956
48.1294
43.0631
37.9969
32.9307
27.8645
22.7982
17.732
12.6657
7.59931
2.53326
98.7915
93.7254
88.6594
83.593
78.5269
73.4606
68.3944
63.3281
58.2619
53.1956
48.1294
43.0631
37.9969
32.9307
27.8645
22.7982
17.732
12.6657
7.59931
2.53326
98.7915
93.7254
88.6594
83.593
78.5269
73.4606
68.3944
63.3281
58.2619
53.1956
48.1294
43.0631
37.9969
32.9307
27.8645
22.7982
17.732
12.6657
7.59931
2.53326
98.7915
93.7254
88.6594
83.593
78.5269
73.4606
68.3944
63.3281
58.2619
53.1956
48.1294
43.0631
37.9969
32.9307
27.8645
22.7982
17.732
12.6657
7.59931
2.53326
98.7915
93.7254
88.6595
83.593
78.5269
73.4606
68.3944
63.3281
58.2619
53.1956
48.1294
43.0631
37.9969
32.9307
27.8645
22.7982
17.732
12.6657
7.59931
2.53326
98.7915
93.7254
88.6595
83.593
78.5269
73.4606
68.3944
63.3281
58.2619
53.1956
48.1294
43.0631
37.9969
32.9307
27.8645
22.7982
17.732
12.6657
7.59931
2.53326
98.7915
93.7254
88.6595
83.593
78.5269
73.4606
68.3944
63.3281
58.2619
53.1956
48.1294
43.0631
37.9969
32.9307
27.8645
22.7982
17.732
12.6657
7.59931
2.53326
98.7915
93.7254
88.6595
83.593
78.5269
73.4606
68.3944
63.3281
58.2619
53.1956
48.1294
43.0631
37.9969
32.9307
27.8645
22.7982
17.732
12.6657
7.59931
2.53326
98.7915
93.7254
88.6595
83.593
78.5269
73.4606
68.3944
63.3281
58.2619
53.1956
48.1294
43.0631
37.9969
32.9307
27.8645
22.7982
17.732
12.6657
7.59931
2.53326
98.7915
93.7254
88.6595
83.593
78.5269
73.4606
68.3944
63.3281
58.2619
53.1956
48.1294
43.0631
37.9969
32.9307
27.8645
22.7982
17.732
12.6657
7.59931
2.53326
98.7915
93.7254
88.6595
83.593
78.5269
73.4606
68.3944
63.3281
58.2619
53.1956
48.1294
43.0631
37.9969
32.9307
27.8645
22.7982
17.732
12.6657
7.59931
2.53326
)
;

boundaryField
{
    top
    {
        type            zeroGradient;
    }
    bottom
    {
        type            zeroGradient;
    }
    inlet
    {
        type            fixedValue;
        value           uniform 101.325;
    }
    outlet
    {
        type            fixedValue;
        value           uniform 0;
    }
    frontAndBack
    {
        type            empty;
    }
}


// ************************************************************************* //
