/*--------------------------------*- C++ -*----------------------------------*\
| =========                 |                                                 |
| \\      /  F ield         | OpenFOAM: The Open Source CFD Toolbox           |
|  \\    /   O peration     | Version:  v1706                                 |
|   \\  /    A nd           | Web:      www.OpenFOAM.com                      |
|    \\/     M anipulation  |                                                 |
\*---------------------------------------------------------------------------*/
FoamFile
{
    version     2.0;
    format      ascii;
    class       volScalarField;
    location    "0.3";
    object      p;
}
// * * * * * * * * * * * * * * * * * * * * * * * * * * * * * * * * * * * * * //

dimensions      [0 2 -2 0 0 0 0];


internalField   nonuniform List<scalar> 
400
(
98.7921
93.7257
88.6596
83.5933
78.5271
73.4609
68.3946
63.3284
58.2621
53.1959
48.1296
43.0633
37.997
32.9307
27.8644
22.7981
17.7318
12.6656
7.59927
2.53315
98.7921
93.7257
88.6596
83.5933
78.5271
73.4609
68.3946
63.3284
58.2621
53.1959
48.1296
43.0633
37.997
32.9307
27.8644
22.7981
17.7318
12.6656
7.59927
2.53315
98.7921
93.7257
88.6596
83.5933
78.5271
73.4609
68.3946
63.3284
58.2621
53.1959
48.1296
43.0633
37.997
32.9307
27.8644
22.7981
17.7318
12.6656
7.59927
2.53315
98.7921
93.7257
88.6596
83.5933
78.5271
73.4609
68.3946
63.3284
58.2621
53.1959
48.1296
43.0633
37.997
32.9307
27.8644
22.7981
17.7318
12.6656
7.59927
2.53315
98.7921
93.7257
88.6596
83.5933
78.5271
73.4609
68.3946
63.3284
58.2621
53.1959
48.1296
43.0633
37.997
32.9307
27.8644
22.7981
17.7318
12.6656
7.59927
2.53315
98.7921
93.7257
88.6596
83.5933
78.5271
73.4609
68.3946
63.3284
58.2621
53.1959
48.1296
43.0633
37.997
32.9307
27.8644
22.7981
17.7318
12.6656
7.59927
2.53316
98.7921
93.7257
88.6596
83.5933
78.5271
73.4609
68.3946
63.3284
58.2621
53.1959
48.1296
43.0633
37.997
32.9307
27.8644
22.7981
17.7318
12.6656
7.59927
2.53316
98.7921
93.7257
88.6596
83.5933
78.5271
73.4609
68.3946
63.3284
58.2621
53.1959
48.1296
43.0633
37.997
32.9307
27.8644
22.7981
17.7318
12.6656
7.59927
2.53316
98.7921
93.7257
88.6596
83.5933
78.5271
73.4609
68.3946
63.3284
58.2621
53.1959
48.1296
43.0633
37.997
32.9307
27.8644
22.7981
17.7318
12.6656
7.59927
2.53316
98.7921
93.7257
88.6596
83.5933
78.5271
73.4609
68.3946
63.3284
58.2621
53.1959
48.1296
43.0633
37.997
32.9307
27.8644
22.7981
17.7318
12.6656
7.59927
2.53316
98.7921
93.7257
88.6596
83.5933
78.5271
73.4609
68.3946
63.3284
58.2621
53.1959
48.1296
43.0633
37.997
32.9307
27.8644
22.7981
17.7318
12.6656
7.59927
2.53316
98.7921
93.7257
88.6596
83.5933
78.5271
73.4609
68.3946
63.3284
58.2621
53.1959
48.1296
43.0633
37.997
32.9307
27.8644
22.7981
17.7318
12.6656
7.59927
2.53316
98.7921
93.7257
88.6596
83.5933
78.5271
73.4609
68.3946
63.3284
58.2621
53.1959
48.1296
43.0633
37.997
32.9307
27.8644
22.7981
17.7318
12.6656
7.59927
2.53316
98.7921
93.7257
88.6596
83.5933
78.5271
73.4609
68.3946
63.3284
58.2621
53.1959
48.1296
43.0633
37.997
32.9307
27.8644
22.7981
17.7318
12.6656
7.59927
2.53316
98.7921
93.7257
88.6596
83.5933
78.5271
73.4609
68.3946
63.3284
58.2621
53.1959
48.1296
43.0633
37.997
32.9307
27.8644
22.7981
17.7318
12.6656
7.59927
2.53316
98.7921
93.7257
88.6596
83.5933
78.5271
73.4609
68.3946
63.3284
58.2621
53.1959
48.1296
43.0633
37.997
32.9307
27.8644
22.7981
17.7318
12.6656
7.59927
2.53316
98.7921
93.7257
88.6596
83.5933
78.5271
73.4609
68.3946
63.3284
58.2621
53.1959
48.1296
43.0633
37.997
32.9307
27.8644
22.7981
17.7318
12.6656
7.59927
2.53316
98.7921
93.7257
88.6596
83.5933
78.5271
73.4609
68.3946
63.3284
58.2621
53.1959
48.1296
43.0633
37.997
32.9307
27.8644
22.7981
17.7318
12.6656
7.59927
2.53316
98.7921
93.7257
88.6596
83.5933
78.5271
73.4609
68.3946
63.3284
58.2621
53.1959
48.1296
43.0633
37.997
32.9307
27.8644
22.7981
17.7318
12.6656
7.59927
2.53316
98.7921
93.7257
88.6596
83.5933
78.5271
73.4609
68.3946
63.3284
58.2621
53.1959
48.1296
43.0633
37.997
32.9307
27.8644
22.7981
17.7318
12.6656
7.59927
2.53316
)
;

boundaryField
{
    top
    {
        type            zeroGradient;
    }
    bottom
    {
        type            zeroGradient;
    }
    inlet
    {
        type            fixedValue;
        value           uniform 101.325;
    }
    outlet
    {
        type            fixedValue;
        value           uniform 0;
    }
    frontAndBack
    {
        type            empty;
    }
}


// ************************************************************************* //
