/*--------------------------------*- C++ -*----------------------------------*\
| =========                 |                                                 |
| \\      /  F ield         | OpenFOAM: The Open Source CFD Toolbox           |
|  \\    /   O peration     | Version:  v1706                                 |
|   \\  /    A nd           | Web:      www.OpenFOAM.com                      |
|    \\/     M anipulation  |                                                 |
\*---------------------------------------------------------------------------*/
FoamFile
{
    version     2.0;
    format      ascii;
    class       volScalarField;
    location    "0.2";
    object      p;
}
// * * * * * * * * * * * * * * * * * * * * * * * * * * * * * * * * * * * * * //

dimensions      [0 2 -2 0 0 0 0];


internalField   nonuniform List<scalar> 
400
(
98.796
93.7263
88.6624
83.5955
78.5292
73.4638
68.3963
63.3311
58.2633
53.1979
48.1303
43.0647
37.9975
32.9316
27.8648
22.7988
17.7321
12.6661
7.59946
2.53336
98.796
93.7263
88.6624
83.5955
78.5292
73.4638
68.3963
63.3311
58.2633
53.1979
48.1303
43.0647
37.9975
32.9316
27.8648
22.7988
17.7321
12.6661
7.59946
2.53336
98.796
93.7263
88.6624
83.5955
78.5292
73.4638
68.3963
63.3311
58.2633
53.1979
48.1303
43.0647
37.9975
32.9316
27.8648
22.7988
17.7321
12.6661
7.59946
2.53336
98.796
93.7263
88.6624
83.5955
78.5292
73.4638
68.3963
63.3311
58.2633
53.1979
48.1303
43.0647
37.9975
32.9316
27.8648
22.7988
17.7321
12.6661
7.59946
2.53336
98.796
93.7263
88.6624
83.5955
78.5292
73.4638
68.3963
63.3311
58.2633
53.1979
48.1303
43.0647
37.9975
32.9316
27.8648
22.7988
17.7321
12.6661
7.59946
2.53336
98.796
93.7262
88.6624
83.5955
78.5292
73.4638
68.3963
63.3311
58.2633
53.1979
48.1303
43.0647
37.9975
32.9316
27.8648
22.7988
17.7321
12.6661
7.59946
2.53336
98.796
93.7262
88.6624
83.5955
78.5292
73.4637
68.3963
63.3311
58.2633
53.1979
48.1303
43.0647
37.9975
32.9316
27.8648
22.7988
17.7321
12.6661
7.59946
2.53336
98.796
93.7262
88.6624
83.5955
78.5292
73.4637
68.3963
63.3311
58.2633
53.1979
48.1303
43.0647
37.9975
32.9316
27.8648
22.7988
17.7321
12.6661
7.59946
2.53336
98.7959
93.7262
88.6624
83.5955
78.5292
73.4637
68.3963
63.3311
58.2633
53.1979
48.1303
43.0647
37.9975
32.9316
27.8648
22.7988
17.7321
12.6661
7.59946
2.53337
98.7959
93.7262
88.6624
83.5955
78.5292
73.4637
68.3963
63.3311
58.2633
53.1979
48.1303
43.0647
37.9975
32.9316
27.8648
22.7988
17.7321
12.6661
7.59946
2.53337
98.7959
93.7262
88.6624
83.5955
78.5292
73.4637
68.3963
63.3311
58.2633
53.1979
48.1303
43.0647
37.9975
32.9316
27.8648
22.7988
17.7321
12.6661
7.59946
2.53337
98.7959
93.7262
88.6624
83.5955
78.5292
73.4637
68.3963
63.3311
58.2633
53.1979
48.1303
43.0647
37.9975
32.9316
27.8648
22.7988
17.7321
12.6661
7.59946
2.53337
98.796
93.7262
88.6624
83.5955
78.5292
73.4637
68.3963
63.3311
58.2633
53.1979
48.1303
43.0647
37.9975
32.9316
27.8648
22.7988
17.7321
12.6661
7.59946
2.53337
98.796
93.7262
88.6624
83.5955
78.5292
73.4637
68.3963
63.3311
58.2633
53.1979
48.1303
43.0647
37.9975
32.9316
27.8648
22.7988
17.7322
12.6661
7.59946
2.53337
98.796
93.7262
88.6624
83.5955
78.5292
73.4637
68.3963
63.3311
58.2633
53.1979
48.1303
43.0647
37.9975
32.9316
27.8648
22.7988
17.7322
12.6661
7.59946
2.53337
98.796
93.7262
88.6624
83.5955
78.5292
73.4637
68.3963
63.3311
58.2633
53.1979
48.1303
43.0647
37.9975
32.9317
27.8648
22.7988
17.7322
12.6661
7.59946
2.53337
98.796
93.7262
88.6624
83.5955
78.5292
73.4637
68.3963
63.3311
58.2633
53.1979
48.1303
43.0647
37.9975
32.9317
27.8648
22.7988
17.7322
12.6661
7.59946
2.53336
98.796
93.7262
88.6624
83.5955
78.5292
73.4637
68.3963
63.3311
58.2633
53.1979
48.1303
43.0647
37.9975
32.9317
27.8648
22.7988
17.7322
12.6661
7.59946
2.53336
98.796
93.7262
88.6624
83.5955
78.5292
73.4637
68.3963
63.3311
58.2633
53.1979
48.1303
43.0647
37.9975
32.9317
27.8648
22.7988
17.7322
12.6661
7.59946
2.53336
98.796
93.7262
88.6624
83.5955
78.5292
73.4637
68.3963
63.3311
58.2633
53.1979
48.1303
43.0647
37.9975
32.9317
27.8648
22.7988
17.7322
12.6661
7.59946
2.53336
)
;

boundaryField
{
    top
    {
        type            zeroGradient;
    }
    bottom
    {
        type            zeroGradient;
    }
    inlet
    {
        type            fixedValue;
        value           uniform 101.325;
    }
    outlet
    {
        type            fixedValue;
        value           uniform 0;
    }
    frontAndBack
    {
        type            empty;
    }
}


// ************************************************************************* //
