/*--------------------------------*- C++ -*----------------------------------*\
| =========                 |                                                 |
| \\      /  F ield         | OpenFOAM: The Open Source CFD Toolbox           |
|  \\    /   O peration     | Version:  v1706                                 |
|   \\  /    A nd           | Web:      www.OpenFOAM.com                      |
|    \\/     M anipulation  |                                                 |
\*---------------------------------------------------------------------------*/
FoamFile
{
    version     2.0;
    format      ascii;
    class       volScalarField;
    location    "0.7";
    object      p;
}
// * * * * * * * * * * * * * * * * * * * * * * * * * * * * * * * * * * * * * //

dimensions      [0 2 -2 0 0 0 0];


internalField   nonuniform List<scalar> 
400
(
98.7918
93.7256
88.6595
83.5932
78.527
73.4607
68.3944
63.3282
58.2619
53.1957
48.1294
43.0632
37.9969
32.9306
27.8644
22.7981
17.7319
12.6656
7.59934
2.53318
98.7918
93.7256
88.6595
83.5932
78.527
73.4607
68.3944
63.3282
58.2619
53.1957
48.1294
43.0632
37.9969
32.9306
27.8644
22.7981
17.7319
12.6656
7.59934
2.53318
98.7918
93.7256
88.6595
83.5932
78.527
73.4607
68.3944
63.3282
58.2619
53.1957
48.1294
43.0632
37.9969
32.9306
27.8644
22.7981
17.7319
12.6656
7.59934
2.53318
98.7918
93.7256
88.6595
83.5932
78.527
73.4607
68.3944
63.3282
58.2619
53.1957
48.1294
43.0632
37.9969
32.9306
27.8644
22.7981
17.7319
12.6656
7.59934
2.53318
98.7918
93.7256
88.6595
83.5932
78.527
73.4607
68.3944
63.3282
58.2619
53.1957
48.1294
43.0632
37.9969
32.9306
27.8644
22.7981
17.7319
12.6656
7.59934
2.53318
98.7918
93.7256
88.6595
83.5932
78.527
73.4607
68.3944
63.3282
58.2619
53.1957
48.1294
43.0632
37.9969
32.9306
27.8644
22.7981
17.7319
12.6656
7.59934
2.53318
98.7918
93.7256
88.6595
83.5932
78.527
73.4607
68.3944
63.3282
58.2619
53.1957
48.1294
43.0632
37.9969
32.9306
27.8644
22.7981
17.7319
12.6656
7.59934
2.53318
98.7918
93.7256
88.6595
83.5932
78.527
73.4607
68.3944
63.3282
58.2619
53.1957
48.1294
43.0632
37.9969
32.9306
27.8644
22.7981
17.7319
12.6656
7.59934
2.53318
98.7918
93.7256
88.6595
83.5932
78.527
73.4607
68.3944
63.3282
58.2619
53.1957
48.1294
43.0632
37.9969
32.9306
27.8644
22.7981
17.7319
12.6656
7.59934
2.53318
98.7918
93.7256
88.6595
83.5932
78.527
73.4607
68.3944
63.3282
58.2619
53.1957
48.1294
43.0632
37.9969
32.9306
27.8644
22.7981
17.7319
12.6656
7.59934
2.53318
98.7918
93.7256
88.6595
83.5932
78.527
73.4607
68.3944
63.3282
58.2619
53.1957
48.1294
43.0632
37.9969
32.9306
27.8644
22.7981
17.7319
12.6656
7.59934
2.53318
98.7918
93.7256
88.6595
83.5932
78.527
73.4607
68.3944
63.3282
58.2619
53.1957
48.1294
43.0632
37.9969
32.9306
27.8644
22.7981
17.7319
12.6656
7.59934
2.53318
98.7918
93.7256
88.6595
83.5932
78.527
73.4607
68.3944
63.3282
58.2619
53.1957
48.1294
43.0632
37.9969
32.9306
27.8644
22.7981
17.7319
12.6656
7.59934
2.53318
98.7918
93.7256
88.6595
83.5932
78.527
73.4607
68.3944
63.3282
58.2619
53.1957
48.1294
43.0632
37.9969
32.9306
27.8644
22.7981
17.7319
12.6656
7.59934
2.53318
98.7918
93.7256
88.6595
83.5932
78.527
73.4607
68.3944
63.3282
58.2619
53.1957
48.1294
43.0632
37.9969
32.9306
27.8644
22.7981
17.7319
12.6656
7.59934
2.53318
98.7918
93.7256
88.6595
83.5932
78.527
73.4607
68.3944
63.3282
58.2619
53.1957
48.1294
43.0632
37.9969
32.9306
27.8644
22.7981
17.7319
12.6656
7.59934
2.53318
98.7918
93.7256
88.6595
83.5932
78.527
73.4607
68.3944
63.3282
58.2619
53.1957
48.1294
43.0632
37.9969
32.9306
27.8644
22.7982
17.7319
12.6656
7.59934
2.53318
98.7918
93.7256
88.6595
83.5932
78.527
73.4607
68.3944
63.3282
58.2619
53.1957
48.1294
43.0632
37.9969
32.9306
27.8644
22.7982
17.7319
12.6656
7.59934
2.53318
98.7918
93.7256
88.6595
83.5932
78.527
73.4607
68.3944
63.3282
58.2619
53.1957
48.1294
43.0632
37.9969
32.9306
27.8644
22.7982
17.7319
12.6656
7.59934
2.53318
98.7918
93.7256
88.6595
83.5932
78.527
73.4607
68.3944
63.3282
58.2619
53.1957
48.1294
43.0632
37.9969
32.9306
27.8644
22.7982
17.7319
12.6656
7.59934
2.53318
)
;

boundaryField
{
    top
    {
        type            zeroGradient;
    }
    bottom
    {
        type            zeroGradient;
    }
    inlet
    {
        type            fixedValue;
        value           uniform 101.325;
    }
    outlet
    {
        type            fixedValue;
        value           uniform 0;
    }
    frontAndBack
    {
        type            empty;
    }
}


// ************************************************************************* //
