/*--------------------------------*- C++ -*----------------------------------*\
| =========                 |                                                 |
| \\      /  F ield         | OpenFOAM: The Open Source CFD Toolbox           |
|  \\    /   O peration     | Version:  v1706                                 |
|   \\  /    A nd           | Web:      www.OpenFOAM.com                      |
|    \\/     M anipulation  |                                                 |
\*---------------------------------------------------------------------------*/
FoamFile
{
    version     2.0;
    format      ascii;
    class       volScalarField;
    location    "0.9";
    object      p;
}
// * * * * * * * * * * * * * * * * * * * * * * * * * * * * * * * * * * * * * //

dimensions      [0 2 -2 0 0 0 0];


internalField   nonuniform List<scalar> 
400
(
98.7921
93.7259
88.6597
83.5934
78.5272
73.4609
68.3947
63.3284
58.2621
53.1959
48.1296
43.0634
37.9971
32.9308
27.8646
22.7983
17.732
12.6658
7.59947
2.53324
98.7921
93.7259
88.6597
83.5934
78.5272
73.4609
68.3947
63.3284
58.2621
53.1959
48.1296
43.0634
37.9971
32.9308
27.8646
22.7983
17.732
12.6658
7.59947
2.53324
98.7921
93.7259
88.6597
83.5934
78.5272
73.4609
68.3947
63.3284
58.2621
53.1959
48.1296
43.0634
37.9971
32.9308
27.8646
22.7983
17.732
12.6658
7.59947
2.53324
98.7921
93.7259
88.6597
83.5934
78.5272
73.4609
68.3947
63.3284
58.2621
53.1959
48.1296
43.0634
37.9971
32.9308
27.8646
22.7983
17.732
12.6658
7.59947
2.53324
98.7921
93.7259
88.6597
83.5934
78.5272
73.4609
68.3947
63.3284
58.2621
53.1959
48.1296
43.0633
37.9971
32.9308
27.8646
22.7983
17.732
12.6658
7.59947
2.53324
98.7921
93.7259
88.6597
83.5934
78.5272
73.4609
68.3947
63.3284
58.2621
53.1959
48.1296
43.0633
37.9971
32.9308
27.8646
22.7983
17.732
12.6658
7.59947
2.53324
98.7921
93.7259
88.6597
83.5934
78.5272
73.4609
68.3947
63.3284
58.2621
53.1959
48.1296
43.0633
37.9971
32.9308
27.8646
22.7983
17.732
12.6658
7.59947
2.53324
98.7921
93.7259
88.6597
83.5934
78.5272
73.4609
68.3947
63.3284
58.2621
53.1959
48.1296
43.0633
37.9971
32.9308
27.8646
22.7983
17.732
12.6658
7.59947
2.53324
98.7921
93.7259
88.6597
83.5934
78.5272
73.4609
68.3947
63.3284
58.2621
53.1959
48.1296
43.0633
37.9971
32.9308
27.8646
22.7983
17.732
12.6658
7.59947
2.53324
98.7921
93.7259
88.6597
83.5934
78.5272
73.4609
68.3947
63.3284
58.2621
53.1959
48.1296
43.0633
37.9971
32.9308
27.8646
22.7983
17.732
12.6658
7.59947
2.53324
98.7921
93.7259
88.6597
83.5934
78.5272
73.4609
68.3947
63.3284
58.2621
53.1959
48.1296
43.0633
37.9971
32.9308
27.8646
22.7983
17.732
12.6658
7.59947
2.53324
98.7921
93.7259
88.6597
83.5934
78.5272
73.4609
68.3947
63.3284
58.2621
53.1959
48.1296
43.0633
37.9971
32.9308
27.8646
22.7983
17.732
12.6658
7.59947
2.53324
98.7921
93.7259
88.6597
83.5934
78.5272
73.4609
68.3947
63.3284
58.2621
53.1959
48.1296
43.0633
37.9971
32.9308
27.8646
22.7983
17.732
12.6658
7.59947
2.53324
98.7921
93.7259
88.6597
83.5934
78.5272
73.4609
68.3947
63.3284
58.2621
53.1959
48.1296
43.0633
37.9971
32.9308
27.8646
22.7983
17.732
12.6658
7.59947
2.53324
98.7921
93.7259
88.6597
83.5934
78.5272
73.4609
68.3947
63.3284
58.2621
53.1959
48.1296
43.0633
37.9971
32.9308
27.8646
22.7983
17.732
12.6658
7.59947
2.53324
98.7921
93.7259
88.6597
83.5934
78.5272
73.4609
68.3947
63.3284
58.2621
53.1959
48.1296
43.0633
37.9971
32.9308
27.8646
22.7983
17.732
12.6658
7.59947
2.53324
98.7921
93.7259
88.6597
83.5934
78.5272
73.4609
68.3947
63.3284
58.2621
53.1959
48.1296
43.0633
37.9971
32.9308
27.8646
22.7983
17.732
12.6658
7.59947
2.53324
98.7921
93.7259
88.6597
83.5934
78.5272
73.4609
68.3947
63.3284
58.2621
53.1959
48.1296
43.0633
37.9971
32.9308
27.8646
22.7983
17.732
12.6658
7.59947
2.53324
98.7921
93.7259
88.6597
83.5934
78.5272
73.4609
68.3947
63.3284
58.2621
53.1959
48.1296
43.0633
37.9971
32.9308
27.8646
22.7983
17.732
12.6658
7.59947
2.53324
98.7921
93.7259
88.6597
83.5934
78.5272
73.4609
68.3947
63.3284
58.2621
53.1959
48.1296
43.0633
37.9971
32.9308
27.8646
22.7983
17.732
12.6658
7.59947
2.53324
)
;

boundaryField
{
    top
    {
        type            zeroGradient;
    }
    bottom
    {
        type            zeroGradient;
    }
    inlet
    {
        type            fixedValue;
        value           uniform 101.325;
    }
    outlet
    {
        type            fixedValue;
        value           uniform 0;
    }
    frontAndBack
    {
        type            empty;
    }
}


// ************************************************************************* //
