/*--------------------------------*- C++ -*----------------------------------*\
| =========                 |                                                 |
| \\      /  F ield         | OpenFOAM: The Open Source CFD Toolbox           |
|  \\    /   O peration     | Version:  v1706                                 |
|   \\  /    A nd           | Web:      www.OpenFOAM.com                      |
|    \\/     M anipulation  |                                                 |
\*---------------------------------------------------------------------------*/
FoamFile
{
    version     2.0;
    format      ascii;
    class       volScalarField;
    location    "0.5";
    object      p;
}
// * * * * * * * * * * * * * * * * * * * * * * * * * * * * * * * * * * * * * //

dimensions      [0 2 -2 0 0 0 0];


internalField   nonuniform List<scalar> 
400
(
98.791
93.7252
88.6598
83.5932
78.5271
73.4608
68.3945
63.3282
58.262
53.1957
48.1295
43.0632
37.997
32.9306
27.8645
22.798
17.732
12.6655
7.59909
2.53343
98.791
93.7252
88.6598
83.5932
78.5271
73.4608
68.3945
63.3282
58.262
53.1957
48.1295
43.0632
37.997
32.9306
27.8645
22.798
17.732
12.6655
7.59909
2.53343
98.791
93.7252
88.6598
83.5932
78.5271
73.4608
68.3945
63.3282
58.262
53.1957
48.1295
43.0632
37.997
32.9306
27.8645
22.798
17.732
12.6655
7.59909
2.53343
98.791
93.7252
88.6598
83.5932
78.5271
73.4608
68.3945
63.3282
58.262
53.1957
48.1295
43.0632
37.997
32.9306
27.8645
22.798
17.732
12.6655
7.59909
2.53343
98.791
93.7252
88.6598
83.5932
78.5271
73.4608
68.3945
63.3282
58.262
53.1957
48.1295
43.0632
37.997
32.9306
27.8645
22.798
17.732
12.6656
7.59909
2.53343
98.791
93.7252
88.6598
83.5932
78.5271
73.4608
68.3945
63.3282
58.262
53.1957
48.1295
43.0632
37.997
32.9306
27.8645
22.798
17.732
12.6656
7.59909
2.53343
98.791
93.7252
88.6598
83.5932
78.5271
73.4608
68.3945
63.3282
58.262
53.1957
48.1295
43.0632
37.997
32.9306
27.8645
22.798
17.732
12.6656
7.59909
2.53343
98.791
93.7252
88.6598
83.5932
78.5271
73.4608
68.3945
63.3282
58.262
53.1957
48.1295
43.0632
37.997
32.9306
27.8645
22.798
17.732
12.6656
7.59909
2.53343
98.791
93.7252
88.6598
83.5932
78.5271
73.4608
68.3945
63.3282
58.262
53.1957
48.1295
43.0632
37.997
32.9306
27.8645
22.798
17.732
12.6656
7.59909
2.53343
98.791
93.7252
88.6598
83.5932
78.5271
73.4608
68.3945
63.3282
58.262
53.1957
48.1295
43.0632
37.997
32.9306
27.8645
22.798
17.732
12.6656
7.59909
2.53344
98.791
93.7252
88.6598
83.5932
78.5271
73.4608
68.3945
63.3282
58.262
53.1957
48.1295
43.0632
37.997
32.9306
27.8645
22.798
17.732
12.6656
7.59909
2.53344
98.791
93.7252
88.6598
83.5932
78.5271
73.4608
68.3945
63.3282
58.262
53.1957
48.1295
43.0632
37.997
32.9306
27.8645
22.798
17.732
12.6656
7.5991
2.53344
98.791
93.7252
88.6598
83.5932
78.5271
73.4608
68.3945
63.3282
58.262
53.1957
48.1295
43.0632
37.997
32.9306
27.8645
22.798
17.732
12.6656
7.5991
2.53344
98.791
93.7252
88.6598
83.5932
78.5271
73.4608
68.3945
63.3282
58.262
53.1957
48.1295
43.0632
37.997
32.9306
27.8645
22.798
17.732
12.6655
7.5991
2.53344
98.791
93.7253
88.6598
83.5932
78.5271
73.4608
68.3945
63.3282
58.262
53.1957
48.1295
43.0632
37.997
32.9306
27.8645
22.798
17.732
12.6655
7.5991
2.53344
98.791
93.7253
88.6598
83.5932
78.5271
73.4608
68.3945
63.3282
58.262
53.1957
48.1295
43.0632
37.997
32.9306
27.8645
22.798
17.732
12.6655
7.5991
2.53344
98.791
93.7253
88.6598
83.5932
78.5271
73.4608
68.3945
63.3282
58.262
53.1957
48.1295
43.0632
37.997
32.9306
27.8645
22.798
17.732
12.6655
7.5991
2.53344
98.791
93.7253
88.6598
83.5932
78.5271
73.4608
68.3945
63.3282
58.262
53.1957
48.1295
43.0632
37.997
32.9306
27.8645
22.798
17.732
12.6655
7.5991
2.53344
98.791
93.7253
88.6598
83.5932
78.5271
73.4608
68.3945
63.3282
58.262
53.1957
48.1295
43.0632
37.997
32.9306
27.8645
22.798
17.732
12.6655
7.5991
2.53344
98.791
93.7253
88.6598
83.5932
78.5271
73.4608
68.3945
63.3282
58.262
53.1957
48.1295
43.0632
37.997
32.9306
27.8645
22.798
17.732
12.6655
7.5991
2.53344
)
;

boundaryField
{
    top
    {
        type            zeroGradient;
    }
    bottom
    {
        type            zeroGradient;
    }
    inlet
    {
        type            fixedValue;
        value           uniform 101.325;
    }
    outlet
    {
        type            fixedValue;
        value           uniform 0;
    }
    frontAndBack
    {
        type            empty;
    }
}


// ************************************************************************* //
